zlines*(powerlaw(1)+zTBabs(1)*powerlaw(2))
 idx  param             tie-to  freeze         value         min         max
  1  ga_14(1).EQW           0     0              100        -100         100  mA
  2  ga_14(1).Lambda        0     0         12.19398    12.03464    12.31437  A
  3  ga_14(1).Sigma         0     0         17.48096    17.48096    279.6954  mA
  4  ga_14(1).Redshift      0     1         0.006084      -0.999        1000  
  5  ga_30(1).EQW           0     0        -22.31731        -100         100  mA
  6  ga_30(1).Lambda        0     0         9.636394    9.618153    9.668425  A
  7  ga_30(1).Sigma         0     0         3.142018    3.142018    50.27229  mA
  8  ga_30(1).Redshift      0     1         0.006084      -0.999        1000  
  9  ga_27(1).EQW           0     0         34.63644        -100         100  mA
 10  ga_27(1).Lambda        0     0         9.495952    9.457146    9.525084  A
 11  ga_27(1).Sigma         0     0         18.99453    4.246034    67.93655  mA
 12  ga_27(1).Redshift      0     1         0.006084      -0.999        1000  
 13  ga_18(1).EQW           0     0         24.04757        -100         100  mA
 14  ga_18(1).Lambda        0     0         9.159458    9.125171    9.170431  A
 15  ga_18(1).Sigma         0     0         2.828733    2.828733    45.25972  mA
 16  ga_18(1).Redshift      0     1         0.006084      -0.999        1000  
 17  ga_2(1).EQW            0     0        -22.48712        -100         100  mA
 18  ga_2(1).Lambda         0     0         9.074864    9.052223    9.092478  A
 19  ga_2(1).Sigma          0     0         2.515913    2.515913     40.2546  mA
 20  ga_2(1).Redshift       0     1         0.006084      -0.999        1000  
 21  ga_11(1).EQW           0     0         18.91048        -100         100  mA
 22  ga_11(1).Lambda        0     0         8.357976    8.347975    8.378158  A
 23  ga_11(1).Sigma         0     0         6.398477    1.886398    30.18237  mA
 24  ga_11(1).Redshift      0     1         0.006084      -0.999        1000  
 25  ga_16(1).EQW           0     0         10.54021        -100         100  mA
 26  ga_16(1).Lambda        0     0         7.826009    7.814757     7.82733  A
 27  ga_16(1).Sigma         0     0         5.160242   0.7858481    12.57357  mA
 28  ga_16(1).Redshift      0     1         0.006084      -0.999        1000  
 29  ga_5(1).EQW            0     0         10.14588        -100         100  mA
 30  ga_5(1).Lambda         0     0         7.656504    7.653783    7.663844  A
 31  ga_5(1).Sigma          0     0         1.619094   0.6288053    10.06088  mA
 32  ga_5(1).Redshift       0     1         0.006084      -0.999        1000  
 33  ga_6(1).EQW            0     0         10.07075        -100         100  mA
 34  ga_6(1).Lambda         0     0         7.566841    7.560718    7.573297  A
 35  ga_6(1).Sigma          0     0         3.605912   0.7861585    12.57854  mA
 36  ga_6(1).Redshift       0     1         0.006084      -0.999        1000  
 37  ga_17(1).EQW           0     0         7.987128        -100         100  mA
 38  ga_17(1).Lambda        0     0         7.411354    7.407293    7.417353  A
 39  ga_17(1).Sigma         0     0         1.955702   0.6287886    10.06062  mA
 40  ga_17(1).Redshift      0     1         0.006084      -0.999        1000  
 41  ga_26(1).EQW           0     0        -4.255798        -100         100  mA
 42  ga_26(1).Lambda        0     0         7.043892    7.035041    7.045102  A
 43  ga_26(1).Sigma         0     0        0.6287935   0.6287935     10.0607  mA
 44  ga_26(1).Redshift      0     1         0.006084      -0.999        1000  
 45  ga_25(1).EQW           0     0         6.283212        -100         100  mA
 46  ga_25(1).Lambda        0     0          7.02498     7.02498    7.035041  A
 47  ga_25(1).Sigma         0     0         1.046763    0.628813    10.06101  mA
 48  ga_25(1).Redshift      0     1         0.006084      -0.999        1000  
 49  ga_10(1).EQW           0     0         8.091611        -100         100  mA
 50  ga_10(1).Lambda        0     0         6.813703    6.803642    6.813703  A
 51  ga_10(1).Sigma         0     0          8.82849   0.6288131    10.06101  mA
 52  ga_10(1).Redshift      0     1         0.006084      -0.999        1000  
 53  ga_9(1).EQW            0     0        -5.140807        -100         100  mA
 54  ga_9(1).Lambda         0     0         6.698003    6.698003    6.708064  A
 55  ga_9(1).Sigma          0     0        0.6288014   0.6288014    10.06082  mA
 56  ga_9(1).Redshift       0     1         0.006084      -0.999        1000  
 57  ga_3(1).EQW            0     0        -7.509789        -100         100  mA
 58  ga_3(1).Lambda         0     0         6.436463    6.436421    6.446482  A
 59  ga_3(1).Sigma          0     0         10.06077   0.6287982    10.06077  mA
 60  ga_3(1).Redshift       0     1         0.006084      -0.999        1000  
 61  ga_24(1).EQW           0     0        -3.236348        -100         100  mA
 62  ga_24(1).Lambda        0     0         6.314361     6.30563    6.315691  A
 63  ga_24(1).Sigma         0     0        0.6616495    0.628808    10.06093  mA
 64  ga_24(1).Redshift      0     1         0.006084      -0.999        1000  
 65  ga_4(1).EQW            0     0        -7.620639        -100         100  mA
 66  ga_4(1).Lambda         0     0         5.483913    5.473092    5.490702  A
 67  ga_4(1).Sigma          0     0         1.265846    1.100619    17.60991  mA
 68  ga_4(1).Redshift       0     1         0.006084      -0.999        1000  
 69  ga_19(1).EQW           0     0         7.059957        -100         100  mA
 70  ga_19(1).Lambda        0     0         5.074067    5.068147    5.078208  A
 71  ga_19(1).Sigma         0     0         1.080074    0.628803    10.06085  mA
 72  ga_19(1).Redshift      0     1         0.006084      -0.999        1000  
 73  ga_23(1).EQW           0     0        -7.130465        -100         100  mA
 74  ga_23(1).Lambda        0     0            4.996     4.98766    4.997721  A
 75  ga_23(1).Sigma         0     0         10.06098   0.6288111    10.06098  mA
 76  ga_23(1).Redshift      0     1         0.006084      -0.999        1000  
 77  ga_29(1).EQW           0     0         -4.53746        -100         100  mA
 78  ga_29(1).Lambda        0     0         4.844793    4.831717    4.846808  A
 79  ga_29(1).Sigma         0     0        0.9431897   0.9431897    15.09103  mA
 80  ga_29(1).Redshift      0     1         0.006084      -0.999        1000  
 81  ga_12(1).EQW           0     0         6.328284        -100         100  mA
 82  ga_12(1).Lambda        0     0         4.647107    4.640561    4.650622  A
 83  ga_12(1).Sigma         0     0         1.461084   0.6287998     10.0608  mA
 84  ga_12(1).Redshift      0     1         0.006084      -0.999        1000  
 85  ga_28(1).EQW           0     0        -3.650898        -100         100  mA
 86  ga_28(1).Lambda        0     0         4.051481    4.046971    4.057032  A
 87  ga_28(1).Sigma         0     0         1.472771   0.6288024    10.06084  mA
 88  ga_28(1).Redshift      0     1         0.006084      -0.999        1000  
 89  ga_15(1).EQW           0     0         4.463001        -100         100  mA
 90  ga_15(1).Lambda        0     0         3.872719    3.865876    3.875937  A
 91  ga_15(1).Sigma         0     0         1.490171   0.6288042    10.06087  mA
 92  ga_15(1).Redshift      0     1         0.006084      -0.999        1000  
 93  ga_1(1).EQW            0     0         7.691644        -100         100  mA
 94  ga_1(1).Lambda         0     0          3.75687    3.755207    3.765268  A
 95  ga_1(1).Sigma          0     0          10.0608   0.6287998     10.0608  mA
 96  ga_1(1).Redshift       0     1         0.006084      -0.999        1000  
 97  ga_8(1).EQW            0     0          4.45963        -100         100  mA
 98  ga_8(1).Lambda         0     0         3.131434    3.131434    3.141495  A
 99  ga_8(1).Sigma          0     0        0.9379507   0.6287946    10.06071  mA
100  ga_8(1).Redshift       0     1         0.006084      -0.999        1000  
101  ga_7(1).EQW            0     0        -3.091976        -100         100  mA
102  ga_7(1).Lambda         0     0         3.051743    3.050948    3.061008  A
103  ga_7(1).Sigma          0     0        0.6287989   0.6287989    10.06078  mA
104  ga_7(1).Redshift       0     1         0.006084      -0.999        1000  
105  ga_22(1).EQW           0     0        -4.398169        -100         100  mA
106  ga_22(1).Lambda        0     0         2.990583    2.990583    3.000644  A
107  ga_22(1).Sigma         0     0         10.06088   0.6288047    10.06088  mA
108  ga_22(1).Redshift      0     1         0.006084      -0.999        1000  
109  ga_21(1).EQW           0     0        -2.915564        -100         100  mA
110  ga_21(1).Lambda        0     0         2.350323    2.346688    2.356749  A
111  ga_21(1).Sigma         0     0        0.9112739   0.6288018    10.06083  mA
112  ga_21(1).Redshift      0     1         0.006084      -0.999        1000  
113  ga_0(1).EQW            0     0         25.05181        -100         100  mA
114  ga_0(1).Lambda         0     0         1.937713    1.934193    1.944254  A
115  ga_0(1).Sigma          0     0         5.541894   0.6287928    10.06069  mA
116  ga_0(1).Redshift       0     1         0.006084      -0.999        1000  
117  ga_20(1).EQW           0     0        -11.46009        -100         100  mA
118  ga_20(1).Lambda        0     0         1.703957    1.700267    1.722886  A
119  ga_20(1).Sigma         0     0         13.41818    1.413607    22.61772  mA
120  ga_20(1).Redshift      0     1         0.006084      -0.999        1000  
121  ga_13(1).EQW           0     0        -8.555048        -100         100  mA
122  ga_13(1).Lambda        0     0         1.633225    1.619733    1.654947  A
123  ga_13(1).Sigma         0     0         2.200633    2.200633    35.21012  mA
124  ga_13(1).Redshift      0     1         0.006084      -0.999        1000  
125  powerlaw(1).norm       0     0     0.0002702775           0         0.1  
126  powerlaw(1).PhoIndex   0     0        0.9737483         0.5           3  
127  zTBabs(1).nH           0     0         4.456159           0          30  10^22
128  zTBabs(1).Redshift     0     1         0.006084      -0.999          10  
129  powerlaw(2).norm       0     0       0.01871092           0         0.1  
130  powerlaw(2).PhoIndex   0     0          1.70602         0.5           3  
